[app/ui]
version = 8.2.5
modtime = 1654829010.775253000

[app/launcher]
version = 8.2.5
modtime = 1654829010.776552000


